6.73249e-31
6.77378
10
12.416
20
23.1645
20
12.5501
10
7.43737
0
-3.06464
0
7.43737
10
12.5501
20
23.1645
20
12.416
10
6.77378
0
0
0.168598
0
-0.369799
0
4.88605
10
10.5555
10
9.44185
10
15
20
20.5581
20
19.4445
20
25.1139
30
30.3698
30
29.8314
30
10
10.0081
10
10.0056
10
9.92123
10
10.0155
10
10.0164
10
9.9089
10
10.0164
10
10.0155
10
9.92123
10
10.0056
10
10.0081
10
4.14403e-31
7.134
8.38081
7.95743
4.43901
0.0110393
-4.4155
-7.84774
-8.43136
-7.83766
-4.35226
-1.67266e-12
4.35226
7.83766
8.43136
7.84774
4.4155
-0.0110393
-4.43901
-7.95743
-8.38081
-7.134
-1.27858e-33
-5.2023e-32
0.177564
-0.988349
-1.51242
2.11687
4.75421
2.36367
-1.4493
-2.09662
-1.44682
2.36163
4.73915
2.36163
-1.44682
-2.09662
-1.4493
2.36367
4.75421
2.11687
-1.51242
-0.988349
0.177564
3.25915e-34
2.43008e-31
0.00858047
-0.0477603
0.0853
-0.0943737
-0.0163948
0.126028
-0.100458
0.00129549
0.102563
-0.129377
-1.02712e-13
0.129377
-0.102563
-0.00129549
0.100458
-0.126028
0.0163948
0.0943737
-0.0853
0.0477603
-0.00858047
1.23184e-32
3.75668
2.99795
-1.43155
-2.87552
-3.11345
-3.08055
-2.82491
-1.86282
1.88459
2.8563
3.09045
3.09045
2.8563
1.88459
-1.86282
-2.82491
-3.08055
-3.11345
-2.87552
-1.43155
2.99795
3.75668
5.37474
0.0935031
-2.80342
-1.772
2.96613
1.85439
-1.66364
-3.13827
-2.06611
2.06264
3.12105
1.68822
-1.68822
-3.12105
-2.06264
2.06611
3.13827
1.66364
-1.85439
-2.96613
1.772
2.80342
-0.0935031
4.29227
9.80452
9.66453
10.2499
9.65316
9.85483
9.89912
9.61359
10.1248
10.1215
9.60992
9.89187
9.89187
9.60992
10.1215
10.1248
9.61359
9.89912
9.85483
9.65316
10.2499
9.66453
9.80452
0
1.89901
0.415889
0.295748
1.22358
1.42221
1.43693
1.21499
0.313302
0.315032
1.22025
1.4083
1.4083
1.22025
0.315032
0.313302
1.21499
1.43693
1.42221
1.22358
0.295748
0.415889
1.89901
0.1
