31.2082
31.2082
31.9497
32.0084
31.2569
31.2082
31.2082
31.2082
31.8062
32.2475
31.3251
31.2082
31.2082
31.2082
31.1051
27.4844
22.0572
27.2181
31.2082
38.8461
49.443
92.4825
115.115
119.431
127.069
131.06
137.241
132.015
127.303
127.069
127.069
127.069
127.21
127.639
127.252
127.069
127.069
127.069
126.985
123.567
117.459
123.079
127.069
134.707
142.009
180.536
209.921
215.293
222.931
226.921
233.057
226.848
223.048
222.931
222.931
222.931
223.082
223.189
222.958
222.931
222.931
222.931
222.711
218.198
213.289
218.94
222.931
230.569
237.323
273.411
305.373
311.154
318.792
322.782
328.747
323.244
318.971
318.792
318.792
318.792
318.832
318.905
318.816
318.792
318.792
318.792
318.831
318.874
318.796
318.792
318.792
61.8123
70.5413
116.357
168.87
205.3
214.057
220.604
227.151
259.247
313.301
360.162
372.849
379.396
385.943
397.445
442.105
495.498
530.55
538.188
542.178
545.478
548.726
543.653
542.178
538.188
530.55
493.639
440.268
397.175
385.943
379.396
372.849
353.907
302.24
249.462
227.151
220.604
214.057
204.824
163.924
110.567
69.4502
61.8123
57.8222
55.4258
50.5563
56.0101
57.8222
61.8123
69.4502
111.942
165.571
205.001
214.057
220.604
227.151
259.514
313.817
360.502
372.849
379.396
385.943
398.082
443.477
496.358
530.55
538.188
542.178
544.418
549.586
544.121
542.178
538.188
530.55
492.893
439.168
396.726
385.943
379.396
372.849
349.465
296.157
244.832
227.151
220.604
214.057
190.414
137.372
79.9452
70.5413
61.8123
121.92
120.396
115.755
117.379
120.742
121.539
121.92
121.539
119.075
117.843
120.419
121.539
121.92
121.539
120.505
117.454
118.103
121.283
121.92
121.283
120.119
118.934
120.796
121.283
121.92
121.283
118.036
117.56
120.529
121.539
121.92
121.539
119.914
117.642
119.668
121.539
121.92
121.539
120.712
117.789
117.858
121.283
121.92
121.283
120.465
118.726
120.679
121.283
121.92
121.283
117.804
117.867
120.728
121.539
121.92
121.539
119.06
117.857
120.448
121.539
121.92
121.539
120.448
117.421
118.17
121.283
121.92
121.283
120.526
118.694
120.634
121.283
121.92
121.283
117.991
117.602
120.57
121.539
121.92
121.539
119.595
117.65
120.009
121.539
121.92
121.539
119.18
115.12
118.783
120.396
121.92
-1.07291e-27
2.70245e-10
0.323682
-0.301335
-0.111221
-4.33349e-10
-4.83704e-11
1.58338e-10
0.372654
-0.209374
-0.184308
-4.10583e-10
-1.28666e-11
3.33682e-10
-0.179328
-1.44209
-0.59084
3.53553
3.53553
10
10
10
10
10
3.53553
3.53553
-0.186146
-1.77211
-0.415113
-4.01635e-09
-8.55634e-10
-9.08891e-10
0.148547
0.0174798
-0.163998
-4.0374e-10
-1.8762e-10
-6.96548e-10
-0.183857
-1.48757
-0.801738
3.53553
3.53553
10
10
10
10
10
3.53553
3.53553
-0.647405
-1.66784
-0.25974
-2.74431e-09
-5.93035e-10
-6.90618e-10
0.0934889
-0.0541957
-0.0445396
-4.06058e-10
-2.55205e-10
-1.07096e-09
-0.361089
-1.62726
-0.229582
3.53553
3.53553
10
10
10
10
10
3.53553
3.53553
-0.367547
-1.68077
-0.332836
-2.03913e-09
-4.47176e-10
-5.58399e-10
0.0345416
-0.00709195
-0.0276356
-7.37086e-11
-1.55098e-11
-1.32889e-11
0.0335258
-0.0173393
-0.00980828
-4.57121e-11
0
0
10
10
10
10
10
5
10
10
10
10
10
5
10
10
10
10
10
3.53553
3.53553
2.69308
-1.1837
-3.29936
-3.53553
-3.53553
-10
-10
-10
-10
-10
-5
-10
-10
-10
-10
-10
-5
-10
-10
-10
-10
-10
-3.53553
-3.53553
-3.02857
0.500787
3.21124
3.53553
3.53553
10
10
10
10
10
5
10
10
10
10
10
5
10
10
10
10
10
3.53553
3.53553
3.09649
-0.232161
-3.18743
-3.53553
-3.53553
-10
-10
-10
-10
-10
-5
-10
-10
-10
-10
-10
-5
-10
-10
-10
-10
-10
0
1.39398e-32
-1.74581
-0.280319
0.899027
0.947204
0.872905
-4.36684e-10
-0.872905
-0.662685
0.207133
0.892222
0.872905
-5.84031e-09
-0.872905
-0.924255
-0.442488
0.685846
1.12857
-1.40126e-07
-1.12857
-1.06841
0.517611
1.12808
1.12857
-1.84551e-07
-1.12857
-0.631122
0.453084
0.924826
0.872905
-1.57033e-08
-0.872905
-0.842514
-0.0370898
0.804683
0.872905
3.93441e-10
-0.872905
-0.917699
-0.511802
0.537572
1.12857
-4.32897e-08
-1.12857
-1.11262
0.209898
1.11962
1.12857
-7.8291e-08
-1.12857
-0.509126
0.53271
0.918409
0.872905
-1.09899e-08
-0.872905
-0.659259
0.216396
0.893664
0.872905
1.84757e-09
-0.872905
-0.924611
-0.409018
0.692362
1.12857
4.76324e-09
-1.12857
-1.11225
0.0964821
1.11766
1.12857
-2.81074e-08
-1.12857
-0.619891
0.475055
0.923697
0.872905
-9.29288e-09
-0.872905
-0.789993
0.0605552
0.858317
0.872905
-7.04948e-09
-0.872905
-1.12256
-0.408204
1.68397
1.74581
0
1.55035e-10
0.0706486
-0.119022
0.0521871
0.126996
4.42858e-10
2.38724e-10
0.116106
-0.107675
0.00534899
0.145276
4.57627e-10
3.96964e-10
-0.155911
-0.282749
0.159432
1.17721
7.19272e-09
5.728
5.78261e-11
1.72325e-12
-1.78711e-11
-2.89876e-09
-5.728
1.00965e-08
-1.00829
-0.297157
0.3149
0.369568
3.62588e-09
-6.01212e-11
0.07842
-0.0253677
-0.0343849
0.0735063
2.48599e-10
-5.84779e-10
-0.199115
-0.318762
0.128536
1.05486
1.60497e-09
5.728
2.05558e-10
3.89848e-12
-9.32872e-12
-9.96789e-10
-5.728
5.13995e-09
-0.98442
-0.190277
0.357111
0.286815
2.46841e-09
-1.11459e-10
0.0288873
-0.0271963
0.00206837
0.0360729
1.73257e-10
-9.36424e-10
-0.297461
-0.278918
0.264305
1.10119
-1.40782e-09
5.728
3.58729e-10
4.92364e-12
-7.47878e-12
-5.88695e-10
-5.728
2.79083e-09
-1.0365
-0.244433
0.317593
0.308659
1.82757e-09
-1.27349e-10
0.0147711
-0.00781006
-0.00400266
0.0156302
6.68933e-11
2.72357e-12
0.0141801
-0.00958945
0.00131142
0.01043
2.61877e-11
-2.90949e-07
5.728
5.09649e-12
-4.13181e-13
-6.00226e-12
-2.03238e-10
-5.728
5.728
1.21235e-11
6.19406e-13
-2.93661e-12
-9.58706e-11
-5.728
5.728
1.1493e-10
3.42106e-12
-4.0647e-13
-9.85952e-12
-5.728
2.73778e-08
-0.795003
-0.90075
-0.934801
-0.547103
-3.87538e-08
-5.728
-8.5869e-12
-2.65666e-13
3.70299e-12
1.28614e-10
5.728
-5.728
-4.01112e-11
-1.769e-12
1.40946e-12
2.79728e-11
5.728
-5.728
-1.85118e-10
-4.58046e-12
-1.57167e-14
6.68968e-12
5.728
-6.6884e-09
0.69432
0.91606
0.922408
0.603707
1.69935e-08
5.728
6.17653e-12
-1.30104e-13
-5.00818e-12
-1.9886e-10
-5.728
5.728
1.18885e-11
5.93288e-13
-3.01258e-12
-1.01655e-10
-5.728
5.728
1.05524e-10
3.16927e-12
-4.90977e-13
-1.03637e-11
-5.728
-2.32305e-09
-0.650002
-0.922379
-0.924613
-0.602156
-6.85652e-09
-5.728
-8.27584e-12
-1.99576e-13
3.94902e-12
1.36348e-10
5.728
-5.728
-2.51027e-11
-1.30039e-12
1.91545e-12
4.7348e-11
5.728
-5.728
-2.44222e-11
-1.49695e-12
2.0787e-12
1.94716e-10
5.728
-3.93799e-07
8.8
10.1199
10.0246
9.81322
9.71516
8.8
8.8
9.8655
9.96092
9.9462
9.78477
8.8
8.8
9.75536
9.90787
10.0113
9.92631
8.8
8.8
9.85677
10.1685
10.0697
9.80113
8.8
8.8
9.93477
10.0031
9.90947
9.75378
8.8
8.8
9.81604
9.95589
9.95949
9.83058
8.8
8.8
9.75149
9.89924
9.99667
9.94374
8.8
8.8
9.82185
10.1433
10.1096
9.81666
8.8
8.8
9.94578
9.99427
9.89782
9.74975
8.8
8.8
9.86601
9.96125
9.94507
9.78319
8.8
8.8
9.75741
9.91358
10.0083
9.92758
8.8
8.8
9.82417
10.1349
10.1195
9.81887
8.8
8.8
9.93509
10.0038
9.90571
9.7529
8.8
8.8
9.83546
9.95955
9.95543
9.80825
8.8
8.8
9.6944
9.93468
10.1643
9.86576
8.8
9.70699
1.74581
4.58158
5.2513
3.64294
0.87578
0.872905
0.872905
3.20959
5.40544
4.68611
1.26868
0.872905
0.872905
1.15019
4.46603
5.33928
3.50521
1.12857
1.12857
1.05969
4.30395
2.26321
0.431687
1.12857
1.12857
3.69107
5.33711
4.30929
1.12324
0.872905
0.872905
1.89424
5.16668
5.27783
2.23107
0.872905
0.872905
0.923369
4.08992
5.33571
4.11172
1.12857
1.12857
0.73016
3.85276
2.93845
0.537166
1.12857
1.12857
4.24914
5.36292
3.94305
0.905599
0.872905
0.872905
3.23633
5.43032
4.66846
1.23471
0.872905
0.872905
1.2139
4.53956
5.28812
3.41913
1.12857
1.12857
0.675453
3.60876
3.19622
0.578096
1.12857
1.12857
3.76564
5.37253
4.24422
1.07833
0.872905
0.872905
2.33846
5.33076
5.13251
1.76809
0.872905
0.872905
2.36428
5.30428
5.74264
0.940388
1.74581
0.1
