31.2082
31.2522
32.9572
32.4973
31.2059
31.2111
31.2082
31.212
32.51
31.9568
31.2259
31.2127
31.2082
31.2041
28.6469
30.5466
28.9093
29.0037
31.2082
35.5832
45.7644
82.1516
110.99
122.694
127.069
129.306
136.105
128.372
127.086
127.073
127.069
127.071
127.668
127.427
127.078
127.072
127.069
127.063
124
125.983
124.705
124.86
127.069
131.444
140.811
176.825
206.191
218.556
222.931
225.165
231.741
224.052
222.945
222.934
222.931
222.931
223.263
223.123
222.935
222.932
222.931
222.924
219.572
221.309
220.438
220.722
222.931
227.306
236.194
271.612
301.288
314.417
318.792
321.024
327.375
319.833
318.804
318.794
318.792
318.791
318.602
318.678
318.792
318.792
318.792
318.788
318.195
318.7
318.782
318.785
318.792
61.8123
66.8123
99.839
187.849
213.526
216.854
220.604
224.354
275.898
351.539
372.449
375.646
379.396
383.146
429.013
501.908
524.214
533.813
538.188
540.373
543.043
546.396
543.454
540.409
538.188
533.813
482.88
405.43
386.336
383.146
379.396
375.646
325.184
249.119
227.506
224.354
220.604
216.854
171.581
98.9401
75.6696
66.1873
61.8123
59.6333
57.165
53.8116
56.5227
59.5948
61.8123
66.1873
118.004
195.3
213.677
216.854
220.604
224.354
275.564
351.595
372.513
375.646
379.396
383.146
429.242
502.084
524.682
533.813
538.188
540.372
542.793
546.452
543.722
540.415
538.188
533.813
482.128
405.167
386.352
383.146
379.396
375.646
328.006
251.636
227.61
224.354
220.604
216.854
138.254
72.0787
66.8123
65.1894
61.8123
121.92
121.641
125.676
126.324
121.887
121.84
121.92
121.836
124.902
124.273
121.886
121.841
121.92
121.835
125.023
124.668
121.896
121.783
121.92
121.807
121.762
121.824
121.553
121.798
121.92
121.804
125.021
124.213
121.887
121.841
121.92
121.836
124.922
124.369
121.884
121.841
121.92
121.835
124.955
124.736
121.897
121.783
121.92
121.806
121.754
121.789
121.535
121.798
121.92
121.804
125.008
124.118
121.887
121.841
121.92
121.835
124.919
124.287
121.884
121.841
121.92
121.835
125.035
124.7
121.894
121.783
121.92
121.806
121.753
121.786
121.526
121.798
121.92
121.804
124.958
124.149
121.889
121.841
121.92
121.835
124.896
124.654
121.89
121.841
121.92
121.845
122.354
121.559
121.566
121.68
121.92
-1.31479e-35
0.0880764
0.944417
-1.04893
0.0430481
-0.0117203
1.03999e-10
0.0152739
0.488377
-0.634645
-0.0644812
-0.0180261
1.89743e-10
-0.0162346
-1.09885
1.62008
-3.08813
3.28482
3.53553
10
10
10
10
10
3.53553
3.38286
-0.713049
-1.28389
-0.0627673
-0.0159611
1.07696e-09
0.00663812
0.229835
-0.293251
-0.0296091
-0.0087198
4.63027e-11
-0.0236622
-1.32978
1.87577
-2.97441
3.3014
3.53553
10
10
10
10
10
3.53553
3.37663
-0.838318
-1.15116
-0.0542401
-0.0132596
8.50634e-10
0.00354234
0.125894
-0.162674
-0.0168407
-0.00514
5.32629e-11
-0.0263149
-1.42824
1.90522
-2.6756
3.29717
3.53553
10
10
10
10
10
3.53553
3.37018
-0.91247
-1.04756
-0.0465272
-0.0106461
7.99338e-10
-0.00179783
-0.0777041
0.0975878
-0.00227793
-0.000560471
-4.58031e-11
-0.014552
-0.13629
0.288916
0.0209534
0.0159608
0
0
10
10
10
10
10
5
10
10
10
10
10
5
10
10
10
10
10
3.53553
3.22649
2.01726
-0.174044
-1.86645
-3.33673
-3.53553
-10
-10
-10
-10
-10
-5
-10
-10
-10
-10
-10
-5
-10
-10
-10
-10
-10
-3.53553
-3.20603
-2.06448
0.202224
1.64421
3.32493
3.53553
10
10
10
10
10
5
10
10
10
10
10
5
10
10
10
10
10
3.53553
3.22314
2.22404
-0.157922
-1.6821
-3.35514
-3.53553
-10
-10
-10
-10
-10
-5
-10
-10
-10
-10
-10
-5
-10
-10
-10
-10
-8.21834
0
-1.16233e-32
-0.557402
3.00065
-2.85332
-0.603114
0.320998
1.47057e-08
-0.334226
1.52364
-1.68995
-0.59348
0.315608
2.41269e-08
-0.339799
1.72998
-1.82749
-0.657474
0.422324
3.90388e-07
-0.350932
0.264355
-0.230676
0.0426659
0.376861
5.44338e-07
-0.35867
1.62185
-1.83045
-0.605738
0.31572
3.96215e-08
-0.337961
1.56116
-1.70656
-0.592318
0.316154
2.50589e-08
-0.339116
1.71738
-1.77764
-0.662513
0.422675
3.34226e-07
-0.351996
0.2411
-0.221754
0.0487352
0.376845
4.53989e-07
-0.358814
1.59566
-1.82606
-0.602314
0.315388
3.63329e-08
-0.338085
1.5424
-1.70873
-0.588882
0.315991
2.5448e-08
-0.33906
1.72755
-1.81951
-0.664643
0.42308
3.59844e-07
-0.351728
0.231061
-0.212346
0.0371923
0.377312
4.8958e-07
-0.358549
1.57889
-1.78904
-0.613513
0.315467
3.52248e-08
-0.338453
1.62337
-1.6867
-0.614545
0.315933
8.27452e-09
-0.300398
0.42994
-0.670092
0.694699
0.584479
0
0.0880764
0.259287
-0.226492
0.425275
-0.164546
0.0234406
0.0305479
0.0917869
-0.148466
0.272678
0.145325
0.0360522
-0.0324692
-0.236033
0.372995
-2.11073
6.63911
0.387831
10
1.25943e-10
3.37149e-12
-6.37167e-12
-1.11038e-10
-10
-0.236168
-0.804176
-0.0737053
0.639529
0.146706
0.0319223
0.0132762
0.0442308
-0.068768
0.121984
0.0662784
0.0174396
-0.0473244
-0.288496
0.441289
-2.08426
6.61843
0.36219
10
1.52065e-10
3.74924e-12
-5.80708e-12
-9.70571e-11
-10
-0.245813
-0.81343
-0.0404736
0.596905
0.128986
0.0265192
0.00708468
0.0238922
-0.0379536
0.0697171
0.0373522
0.01028
-0.0526297
-0.304133
0.457628
-2.02704
6.54172
0.368725
10
1.65424e-10
4.08203e-12
-5.2874e-12
-8.47419e-11
-10
-0.255793
-0.828611
-0.0175532
0.532053
0.111901
0.0212921
-0.00359567
-0.0159334
0.0229531
-0.0415645
0.00527523
0.00112094
-0.029104
-0.0154882
0.0642544
-0.508812
-0.0280223
-0.0194209
0.000470702
10
1.33261e-11
-1.21534e-13
-2.00194e-11
-1.61324e-09
-10
10
4.474e-12
-6.59444e-13
-2.97794e-11
-1.74427e-09
-10
10
5.82345e-12
-5.70973e-13
-1.86894e-11
-1.55909e-10
-10
-0.47806
-1.18772
-0.602216
-0.586858
-1.25619
-0.307531
-10
-4.61252e-12
6.64444e-13
3.61035e-11
1.92455e-09
10
-10
-4.71675e-12
6.1362e-13
2.78954e-11
1.81641e-09
10
-10
-5.99879e-12
5.35055e-13
1.72812e-11
1.62119e-10
10
0.509717
1.21876
0.629398
0.491038
1.35928
0.325789
10
4.42859e-12
-7.01329e-13
-3.90844e-11
-1.90214e-09
-10
10
4.55275e-12
-6.45783e-13
-2.98974e-11
-1.83082e-09
-10
10
5.75308e-12
-5.67639e-13
-1.86278e-11
-1.75671e-10
-10
-0.48325
-1.12408
-0.67253
-0.513607
-1.27429
-0.27905
-10
-4.44616e-12
6.94183e-13
3.71161e-11
1.87872e-09
10
-10
-5.42072e-12
4.97155e-13
2.22246e-11
1.68542e-09
10
-10
-1.48e-12
2.14367e-12
6.69915e-10
10
10
0.000470702
9.2426
10.8773
9.13485
10.6764
12.5764
9.158
9.13155
10.1604
9.37516
10.3244
12.6439
9.16878
9.1204
10.2513
9.31197
10.3245
10.9249
9.1467
9.25714
10.4043
9.66396
9.89478
10.0855
9.21703
9.24517
10.1888
9.35425
10.4414
12.6881
9.16856
9.12408
10.1763
9.37041
10.3155
12.6824
9.16769
9.12177
10.2542
9.31886
10.2792
10.9444
9.14616
9.25549
10.4332
9.67148
9.89211
10.0654
9.21705
9.24494
10.1772
9.35732
10.4659
12.6885
9.16922
9.12383
10.1672
9.3724
10.3354
12.6886
9.16802
9.12188
10.2483
9.31305
10.311
10.9913
9.14553
9.25591
10.4557
9.67481
9.88409
10.0591
9.21633
9.24535
10.1749
9.36238
10.4248
12.6972
9.16907
9.12309
10.2118
9.36657
10.2462
12.658
9.16813
9.1992
9.89292
9.63377
12.3915
9.18137
9.08881
13.0945
1
3.30267
8.80096
2.5677
0.332846
0.5
0.5
5.15436
7.56417
2.09098
0.319663
0.5
0.5
4.58671
7.28946
2.23061
0.95991
0.646447
0.646447
1.01812
3.63873
2.88385
1.17043
0.646447
0.646447
5.0933
7.74492
1.90941
0.319048
0.5
0.5
5.04619
7.60653
2.16128
0.315174
0.5
0.5
4.52733
7.26407
2.32705
0.948232
0.646447
0.646447
0.93665
3.60139
2.93661
1.23648
0.646447
0.646447
5.18169
7.72959
1.83768
0.317712
0.5
0.5
5.12097
7.60317
2.09179
0.313254
0.5
0.5
4.60957
7.28422
2.25986
0.913027
0.646447
0.646447
0.888814
3.54179
2.96759
1.31292
0.646447
0.646447
5.16846
7.69611
1.88146
0.32065
0.5
0.5
4.76398
7.63696
2.40267
0.32557
0.5
0.5
7.86001
6.61753
0.526643
0.178166
0.821834
0.1
